     0/119     13.7G   0.08445   0.05449   0.05385    0.1928       434       640 0.0006946    0.2056 0.0003343 4.688e-05   0.08163    0.0325    0.0516
     1/119     23.4G   0.07808   0.05562   0.05189    0.1856       388       640 0.0008097    0.2585 0.0004389 6.184e-05   0.08196   0.03252   0.05102
     2/119     23.4G   0.07569   0.05685   0.05082    0.1833       433       640 0.0007811     0.229 0.0003651 5.314e-05   0.08371   0.03218   0.05086
     3/119     23.4G   0.07583   0.05626   0.05047    0.1826       428       640  0.002259    0.3676  0.001243    0.0002   0.07993   0.03352   0.05081
     4/119     23.4G   0.07458   0.05725   0.05039    0.1822       477       640    0.5054  0.004646  0.001184 0.0001682   0.08107   0.03323   0.05062
     5/119     23.4G    0.0724   0.05864   0.05017    0.1812       417       640  0.004094  0.004065  0.002155 0.0002799   0.07908   0.03393   0.05074
     6/119     23.4G   0.07013   0.06033   0.05023    0.1807       449       640    0.5051  0.004646  0.002789  0.000438   0.07571   0.03477   0.05033
     7/119     23.4G   0.06866   0.06065   0.05011    0.1794       446       640  0.004931    0.4283  0.005484 0.0009875   0.07162   0.03635   0.04975
     8/119     23.4G   0.06665   0.06133   0.05001     0.178       406       640   0.03723    0.2856   0.03624  0.007745   0.07011   0.03638   0.04994
     9/119     23.4G   0.06192   0.06207    0.0503    0.1743       445       640   0.02703    0.2149   0.02488  0.004887   0.06592   0.03748   0.05017
    10/119     23.4G   0.05871   0.06178   0.05029    0.1708       406       640   0.01402    0.1545  0.008422  0.001466   0.06714    0.0446   0.04843
    11/119     23.4G   0.05421   0.06214   0.04981    0.1662       429       640   0.03666    0.1992   0.02367  0.004567   0.05895   0.03947   0.04836
    12/119     23.4G   0.05132     0.061   0.04889    0.1612       417       640    0.4128   0.08218   0.06071   0.01543   0.06461   0.03692   0.04857
    13/119     23.4G   0.05088   0.05955   0.04781    0.1582       409       640   0.05362    0.1198   0.02273   0.00473   0.07566   0.03148   0.04611
    14/119     23.4G   0.04844   0.05889   0.04675    0.1541       429       640   0.05674    0.3557   0.06772   0.01701   0.05332   0.03729   0.04717
    15/119     23.4G   0.04787   0.05677   0.04592    0.1506       434       640    0.1098     0.272    0.1222   0.03846   0.05335   0.03816   0.04474
    16/119     23.4G   0.04647   0.05657   0.04441    0.1474       444       640   0.05146    0.3686    0.0577   0.01807   0.06562   0.04151   0.05382
    17/119     23.4G   0.04565   0.05471   0.04218    0.1425       437       640   0.02293    0.4201   0.02932  0.008371   0.07562   0.03215   0.06873
    18/119     23.4G   0.04495   0.05441   0.03926    0.1386       413       640    0.2693     0.389    0.2484   0.08323   0.04823   0.03827   0.03848
    19/119     23.4G   0.04477   0.05328   0.03552    0.1336       427       640    0.3539    0.3601    0.2941   0.09672   0.05107    0.0344   0.03779
    20/119     23.4G   0.04352   0.05364   0.03225    0.1294       410       640    0.3422    0.3708    0.2892    0.0897   0.04842   0.05819   0.04554
    21/119     23.4G   0.04323   0.05247   0.03036    0.1261       409       640    0.3364    0.1317   0.05242   0.01687   0.07262    0.1245   0.06809
    22/119     23.4G    0.0422   0.05245   0.02801    0.1227       416       640   0.09781    0.4015   0.07676   0.02034   0.05641   0.04535    0.0975
    23/119     23.4G   0.04342   0.05084   0.02551    0.1198       397       640     0.541    0.3482    0.2949    0.1023   0.05044   0.05308   0.06044
    24/119     23.4G   0.04118   0.05114   0.02252    0.1148       380       640    0.2552     0.514    0.3317    0.1149   0.04683   0.04713   0.07133
    25/119     23.4G   0.04211   0.04915   0.02108    0.1123       439       640    0.3778    0.3394    0.2713     0.103   0.06696   0.04306   0.07106
    26/119     23.4G   0.04024    0.0504   0.01947    0.1101       417       640    0.3761    0.3535    0.2817   0.09454   0.05489   0.04406   0.08116
    27/119     23.4G   0.03911   0.05047   0.01833    0.1079       435       640    0.5004    0.4057    0.3782    0.1288   0.04617    0.0321   0.03842
    28/119     23.4G    0.0393   0.04918   0.01821    0.1067       426       640    0.5111    0.5606    0.4923     0.207   0.04233   0.03677   0.03182
    29/119     23.4G   0.03837   0.04866   0.01738    0.1044       408       640    0.4369    0.4371    0.3972    0.1486   0.04187   0.03726   0.05957
    30/119     23.4G   0.03703   0.04976   0.01652    0.1033       438       640    0.6374    0.6158    0.6626    0.2803   0.03911    0.0356   0.01439
    31/119     23.4G   0.03606   0.04893   0.01593    0.1009       422       640    0.5234    0.5511    0.5381    0.2138   0.04404   0.03775   0.03634
    32/119     23.4G   0.03527   0.04793   0.01503   0.09823       427       640    0.3449    0.5267    0.4079    0.1549   0.04481   0.05014   0.08763
    33/119     23.4G   0.03436   0.04829   0.01508   0.09773       424       640    0.7084    0.5236    0.6085    0.2382   0.03979    0.0332    0.0182
    34/119     23.4G   0.03451   0.04825   0.01419   0.09696       453       640    0.6583     0.656    0.6635    0.2928   0.03626   0.03315    0.0185
    35/119     23.4G   0.03387   0.04723   0.01466   0.09577       404       640    0.6817    0.4645    0.5795    0.2419   0.04506   0.03817   0.03313
    36/119     23.4G   0.03306   0.04744   0.01498   0.09548       428       640    0.7082    0.5439    0.6445    0.2821   0.03516   0.03187   0.02924
    37/119     23.4G    0.0319   0.04663   0.01462   0.09314       424       640    0.7455    0.4903    0.5921    0.2641   0.03525   0.04047   0.03967
    38/119     23.4G   0.03194   0.04635   0.01349   0.09178       477       640    0.6934    0.6526    0.7163    0.3328     0.035   0.03177   0.01655
    39/119     23.4G   0.03109   0.04592   0.01298   0.08999       431       640     0.735    0.5851    0.6832     0.322   0.03555   0.03444   0.03298
    40/119     23.4G   0.03011   0.04592   0.01253   0.08856       432       640     0.712    0.6485    0.7389    0.3561   0.03411   0.03101   0.02641
    41/119     23.4G   0.03088   0.04588    0.0125   0.08926       425       640    0.7591    0.7067    0.7836    0.3734   0.03208   0.03105   0.01403
    42/119     23.4G   0.02943   0.04569   0.01211   0.08723       408       640    0.6515    0.4393     0.442    0.1969   0.04471   0.03414   0.05729
    43/119     23.4G   0.02939   0.04598   0.01253   0.08789       457       640    0.7102    0.5502    0.6507    0.2966   0.04048   0.02922   0.03168
    44/119     23.4G   0.02919    0.0457   0.01207   0.08696       464       640    0.7867    0.7434     0.812    0.4228    0.0314   0.02753   0.01177
    45/119     23.4G   0.02821   0.04422   0.01154   0.08398       409       640     0.778    0.7645    0.8075    0.4136   0.03137   0.02837  0.007487
    46/119     23.4G    0.0282   0.04456   0.01094    0.0837       438       640    0.8208    0.6718    0.7818    0.4114   0.03145   0.02824   0.01893
    47/119     23.4G   0.02794    0.0439   0.01097   0.08281       424       640     0.888    0.7701    0.8527    0.4634   0.02926   0.02703  0.004182
    48/119     23.4G   0.02754   0.04314  0.009702   0.08039       435       640    0.8503    0.7543    0.8365    0.4289   0.02931   0.02727   0.00481
    49/119     23.4G   0.02698   0.04293   0.00952   0.07943       419       640    0.8328    0.7544    0.8326    0.4533   0.02995   0.02675    0.0091
    50/119     23.4G   0.02663    0.0427  0.009435   0.07877       418       640    0.8564    0.8031    0.8743    0.4743   0.02774   0.02632  0.002941
    51/119     23.4G    0.0269   0.04291  0.008843   0.07866       410       640    0.9056    0.7807    0.8771    0.4984   0.02708   0.02629  0.003707
    52/119     23.4G    0.0267    0.0422  0.008551   0.07745       437       640    0.9128    0.7759    0.8783    0.5008   0.02706   0.02579  0.004047
    53/119     23.4G   0.02663   0.04158  0.008468   0.07668       393       640    0.8439    0.8365    0.8879    0.5014   0.02686   0.02604  0.006038
    54/119     23.4G   0.02579   0.04082  0.008062   0.07467       421       640    0.8316    0.8068    0.8575    0.4495   0.02819    0.0268  0.004094
    55/119     23.4G   0.02598   0.04113  0.007408   0.07453       438       640    0.8803    0.7687    0.8693    0.4795   0.02752   0.02637  0.004686
    56/119     23.4G     0.026   0.04183  0.007628   0.07546       409       640    0.8886    0.8154    0.8792    0.4978   0.02682    0.0257  0.003942
    57/119     23.4G   0.02526   0.04086  0.007441   0.07356       455       640    0.8948    0.8083    0.8792    0.4989   0.02686   0.02585  0.004996
    58/119     23.4G   0.02529   0.04165  0.007259    0.0742       456       640    0.8456    0.7939    0.8602    0.4743   0.02886   0.02577  0.007937
    59/119     23.4G    0.0247   0.04059  0.007076   0.07237       444       640    0.8925    0.8233    0.8851    0.5158   0.02552   0.02532  0.003947
    60/119     23.4G   0.02492   0.04139  0.007334   0.07364       481       640    0.8885     0.834    0.8868    0.5086   0.02611   0.02557  0.003728
    61/119     23.4G   0.02465   0.04025  0.007226   0.07212       445       640    0.8263    0.7701    0.8386    0.4718   0.02809   0.02619  0.009091
    62/119     23.4G   0.02373   0.03975  0.006668   0.07015       457       640    0.9194    0.8292    0.8975    0.5378    0.0251   0.02499  0.003454
    63/119     23.4G   0.02393      0.04  0.006647   0.07058       427       640    0.8936    0.8324    0.8968    0.5131   0.02614   0.02511  0.002759
    64/119     23.4G   0.02367   0.04011  0.006836   0.07062       456       640    0.8561    0.8204    0.8796       0.5   0.02644   0.02583  0.003926
    65/119     23.4G   0.02397   0.03936  0.005994   0.06932       397       640    0.8905    0.8464    0.8907    0.5194   0.02613   0.02525  0.003342
    66/119     23.4G   0.02336   0.03898   0.00559   0.06793       448       640    0.9286    0.8295    0.9068    0.5527   0.02435   0.02484  0.002592
    67/119     23.4G   0.02329   0.03928  0.005457   0.06803       459       640    0.9108    0.8378    0.9005    0.5483   0.02429   0.02513  0.003147
    68/119     23.4G   0.02319   0.03867  0.005788   0.06765       403       640    0.8688    0.8385     0.887    0.5296   0.02488   0.02499  0.004158
    69/119     23.4G   0.02302   0.03911  0.005512   0.06764       413       640    0.9073    0.8481    0.9045    0.5458   0.02489   0.02521  0.002419
    70/119     23.4G   0.02299   0.03876  0.005687   0.06743       448       640    0.9141    0.8301    0.8963    0.5349   0.02497   0.02514  0.003104
    71/119     23.4G    0.0226   0.03862   0.00544   0.06666       437       640    0.9121    0.8286     0.896    0.5352   0.02482   0.02521  0.003246
    72/119     23.4G   0.02297   0.03843  0.005345   0.06674       444       640    0.9313    0.8345    0.9072    0.5499   0.02393   0.02461  0.003039
    73/119     23.4G   0.02274   0.03814  0.005009   0.06588       403       640     0.917     0.846    0.9085    0.5414   0.02498   0.02489  0.002516
    74/119     23.4G   0.02192   0.03741  0.004944   0.06427       419       640    0.9192    0.8378    0.9006    0.5564   0.02391   0.02456  0.003426
    75/119     23.4G   0.02199   0.03759   0.00495   0.06453       410       640    0.9108    0.8511    0.9056    0.5519   0.02381   0.02456  0.002407
    76/119     23.4G   0.02167   0.03777  0.004709   0.06415       444       640    0.9138    0.8479    0.9135     0.552   0.02362    0.0246  0.002934
    77/119     23.4G   0.02157   0.03756  0.004567   0.06369       413       640    0.9208    0.8529    0.9184    0.5585   0.02395    0.0243   0.00206
    78/119     23.4G   0.02155   0.03655  0.004498    0.0626       408       640    0.9076    0.8575    0.9049    0.5543   0.02396   0.02456  0.003088
    79/119     23.4G   0.02108   0.03666  0.004072   0.06181       397       640    0.9156    0.8534    0.9144    0.5599   0.02366   0.02466  0.002369
    80/119     23.4G   0.02146   0.03669  0.004273   0.06242       434       640    0.9027    0.8597    0.9145     0.562   0.02375   0.02471  0.002996
    81/119     23.4G   0.02092   0.03659  0.004201   0.06171       413       640    0.9267    0.8495    0.9119    0.5611   0.02382   0.02472  0.002769
    82/119     23.4G   0.02079   0.03645  0.004182   0.06142       433       640    0.9125    0.8588    0.9067    0.5659    0.0234   0.02463  0.002557
    83/119     23.4G    0.0206   0.03615  0.004184   0.06094       411       640     0.917    0.8682    0.9139    0.5699   0.02341   0.02438  0.002252
    84/119     23.4G   0.02079   0.03649   0.00411   0.06139       473       640    0.9188    0.8389    0.9057    0.5516   0.02438   0.02445  0.002268
    85/119     23.4G   0.02029   0.03636  0.004105   0.06076       451       640    0.9352     0.857    0.9187    0.5805   0.02318    0.0242  0.001958
    86/119     23.4G   0.02013   0.03569  0.003618   0.05944       429       640    0.9319    0.8478    0.9185    0.5797   0.02323   0.02448  0.002417
    87/119     23.4G   0.02024   0.03542  0.003557   0.05921       469       640    0.9302     0.856    0.9212    0.5781   0.02281    0.0243  0.002197
    88/119     23.4G   0.01986   0.03596  0.003655   0.05948       423       640     0.915    0.8607    0.9189    0.5654    0.0233   0.02467  0.002229
    89/119     23.4G    0.0197   0.03556  0.003733   0.05899       466       640    0.9167     0.868     0.917    0.5837   0.02271   0.02405  0.001904
    90/119     23.4G   0.02017   0.03499  0.003393   0.05855       442       640    0.9359    0.8509     0.923    0.5838   0.02304   0.02409  0.002277
    91/119     23.4G   0.01944   0.03488  0.003515   0.05783       419       640    0.9275    0.8649    0.9257    0.5846   0.02262   0.02406  0.002111
    92/119     23.4G   0.01935   0.03487  0.003314   0.05753       426       640    0.9197    0.8583    0.9144    0.5789   0.02255   0.02466  0.001774
    93/119     23.4G   0.01949   0.03507  0.003257   0.05782       446       640    0.9116     0.873    0.9121     0.582   0.02274   0.02388  0.002194
    94/119     23.4G   0.01922   0.03422  0.003045   0.05648       404       640    0.9169    0.8684    0.9152    0.5851   0.02277   0.02467  0.002399
    95/119     23.4G   0.01931   0.03454  0.003215   0.05706       416       640    0.9263     0.881     0.924    0.5886    0.0227   0.02388  0.001807
    96/119     23.4G   0.01888   0.03464  0.003086   0.05661       422       640    0.9426    0.8653    0.9261    0.5936   0.02221   0.02421  0.001882
    97/119     23.4G   0.01886   0.03422  0.003218   0.05629       421       640    0.9368    0.8647     0.922    0.5787   0.02234   0.02464  0.001889
    98/119     23.4G   0.01873   0.03426  0.003065   0.05605       423       640    0.9312    0.8543    0.9181    0.5825   0.02241    0.0243  0.002841
    99/119     23.4G   0.01933   0.03467  0.003021   0.05702       459       640    0.9255    0.8698    0.9189    0.5771   0.02266    0.0245  0.001911
   100/119     23.4G   0.01867    0.0345  0.002832     0.056       431       640    0.9218     0.873    0.9228    0.5865   0.02233   0.02437  0.001729
   101/119     23.4G   0.01855   0.03409  0.002811   0.05545       441       640    0.9311    0.8752     0.924    0.5945   0.02224    0.0243  0.001873
   102/119     23.4G   0.01829   0.03338  0.002488   0.05416       424       640    0.9239    0.8604    0.9094    0.5846   0.02269   0.02419  0.002306
   103/119     23.4G   0.01835   0.03398  0.002597   0.05493       438       640    0.9372    0.8661    0.9254    0.5979   0.02215     0.024  0.001664
   104/119     23.4G   0.01849   0.03378  0.002767   0.05504       451       640    0.9223    0.8776     0.927    0.5982   0.02221   0.02434   0.00171
   105/119     23.4G   0.01821   0.03341  0.002886    0.0545       396       640    0.9189    0.8834    0.9201    0.5906   0.02258    0.0248  0.001967
   106/119     23.4G   0.01821   0.03306  0.002635   0.05391       428       640    0.9216    0.8708     0.926    0.5857   0.02251   0.02468  0.001865
   107/119     23.4G   0.01784   0.03299  0.002516   0.05334       411       640    0.9308    0.8739    0.9267    0.5902   0.02217   0.02453  0.001831
   108/119     23.4G   0.01811   0.03337  0.002421    0.0539       415       640    0.9408    0.8619    0.9225    0.5946   0.02225   0.02439  0.001965
   109/119     23.4G   0.01789    0.0329  0.002452   0.05324       424       640     0.925     0.876    0.9251    0.5963   0.02206   0.02451  0.001915
   110/119     23.4G   0.01767   0.03285  0.002218   0.05274       416       640    0.9281    0.8582    0.9154    0.5913   0.02235   0.02437  0.001814
   111/119     23.4G   0.01773   0.03305  0.002286   0.05307       424       640    0.9317    0.8584    0.9259    0.6002   0.02199   0.02473  0.001916
   112/119     23.4G   0.01788   0.03251   0.00229   0.05268       450       640    0.9272    0.8694    0.9176    0.5974   0.02241   0.02467  0.002161
   113/119     23.4G   0.01767   0.03302  0.002374   0.05306       462       640    0.9269    0.8797    0.9196    0.6003   0.02257   0.02423  0.001829
   114/119     23.4G   0.01753   0.03267  0.002506   0.05271       433       640    0.9322    0.8744     0.928    0.5961   0.02194   0.02443  0.001906
   115/119     23.4G   0.01797   0.03242  0.002343   0.05273       431       640     0.943    0.8762    0.9321    0.5959   0.02197   0.02481  0.001916
   116/119     23.4G   0.01746   0.03223   0.00227   0.05196       396       640    0.9193    0.8814    0.9262    0.5954   0.02189   0.02478  0.001704
   117/119     23.4G   0.01732   0.03277  0.002381   0.05247       442       640     0.929    0.8795    0.9217     0.599    0.0218   0.02437  0.001877
   118/119     23.4G    0.0174   0.03262   0.00212   0.05214       407       640    0.9248    0.8853    0.9214    0.5971   0.02191    0.0247  0.001729
   119/119     23.4G    0.0173   0.03218  0.002025    0.0515       397       640    0.9211    0.8892    0.9224    0.5992   0.02221   0.02459  0.001955
