     0/119     10.3G   0.05439   0.02293     0.052    0.1293       116       640 0.0001031   0.00205   3.6e-06 6.626e-07   0.09375   0.02758   0.05179
     1/119       28G   0.05132   0.02036   0.05094    0.1226       110       640  0.004047    0.2234  0.001045 0.0001723   0.09628   0.02607   0.05139
     2/119       28G   0.04628   0.02221   0.05027    0.1188       111       640  0.009729    0.2316  0.007879  0.001389   0.09706   0.02496    0.0512
     3/119       28G   0.04419   0.02294   0.04999    0.1171       117       640  0.007133    0.2898  0.006208  0.001078    0.0988   0.02408   0.05103
     4/119       28G   0.04263   0.02298   0.04977    0.1154       131       640   0.03017    0.2828  0.008042  0.001262   0.09817   0.02443   0.05079
     5/119       28G   0.04173   0.02204   0.04919     0.113       124       640   0.03129    0.2167   0.02005  0.004094   0.09539   0.02492   0.05025
     6/119       28G   0.04153   0.02121   0.04835    0.1111       110       640   0.08317    0.2322   0.05065   0.01213   0.09895   0.02287   0.04799
     7/119       28G   0.04062   0.02047   0.04695     0.108        89       640    0.1349     0.446    0.1451   0.03702   0.08932   0.02661   0.04817
     8/119       28G   0.04043   0.01959   0.04498     0.105       101       640    0.1245    0.3425   0.08674   0.01997   0.09462   0.02455    0.0497
     9/119       28G   0.04024   0.01909    0.0422    0.1015       106       640    0.4215    0.1845    0.1404   0.03819   0.09229   0.02428    0.0454
    10/119       28G   0.04107   0.01864   0.03931   0.09902       115       640    0.4719    0.3012    0.2281   0.06499   0.09141   0.02498   0.04406
    11/119       28G   0.04054    0.0184    0.0367   0.09563       121       640    0.2967    0.1862     0.101     0.024   0.09905   0.02285   0.04455
    12/119       28G    0.0412   0.01839   0.03469   0.09429       119       640    0.4908    0.2983    0.2736   0.09008   0.09041   0.02589   0.04044
    13/119       28G   0.04082   0.01799   0.03303   0.09184       117       640      0.33    0.4469    0.2641   0.07853   0.09619   0.02265   0.03564
    14/119       28G   0.04125   0.01788   0.03158   0.09071       125       640    0.2616    0.4718    0.2779   0.08259   0.09153   0.02545   0.04173
    15/119       28G   0.04074   0.01799   0.03023   0.08896       123       640    0.5994   0.09624    0.0567   0.01435    0.0982   0.02738   0.06667
    16/119       28G   0.04062   0.01764   0.02971   0.08797       113       640    0.3471    0.4246    0.3143   0.09921   0.09585   0.02142   0.05068
    17/119       28G   0.04014   0.01775   0.02843   0.08632       120       640    0.4267     0.477    0.3347    0.1022    0.0895   0.02609   0.03595
    18/119       28G   0.03966   0.01771   0.02608   0.08345       115       640    0.4186    0.4795    0.4098    0.1282   0.08905   0.02494   0.02804
    19/119       28G   0.03977   0.01697   0.02535   0.08209       101       640    0.6325    0.3796    0.4169    0.1457   0.09315   0.02284   0.02861
    20/119       28G   0.03867    0.0174   0.02412   0.08019       107       640    0.4855    0.5582    0.4856    0.1583     0.087   0.02507   0.02421
    21/119       28G   0.03786   0.01727   0.02391   0.07905       112       640    0.5954     0.625    0.6147     0.233   0.08432    0.0246   0.01614
    22/119       28G   0.03795   0.01719    0.0221   0.07724       113       640    0.6456    0.5341    0.5488    0.2198   0.08109    0.0267   0.02376
    23/119       28G   0.03725   0.01698   0.02185   0.07608       120       640    0.5926    0.6035    0.6034    0.2424   0.07633   0.02969   0.02302
    24/119       28G   0.03682   0.01682    0.0206   0.07424       103       640    0.5868    0.5885    0.5738    0.2275   0.08034   0.02719   0.02623
    25/119       28G   0.03702     0.017   0.01983   0.07385       117       640      0.67    0.5849    0.6283    0.2597    0.0815   0.02556   0.01952
    26/119       28G    0.0363   0.01687   0.01938   0.07254       133       640    0.6564    0.6599    0.6845    0.2888   0.08245    0.0253   0.01699
    27/119       28G   0.03621   0.01668   0.01906   0.07195        88       640    0.6178     0.666     0.663    0.2756    0.0832   0.02432   0.01945
    28/119       28G   0.03558   0.01675   0.01962   0.07195       115       640    0.5657    0.5212    0.5393    0.2214   0.08595   0.02446   0.02521
    29/119       28G   0.03565   0.01638   0.01864   0.07067       111       640      0.68    0.6169    0.7033    0.3037   0.08066    0.0256   0.02153
    30/119       28G    0.0351   0.01638   0.01739   0.06887       126       640    0.7451     0.642    0.7256    0.3267   0.07939   0.02686   0.01599
    31/119       28G   0.03496   0.01607   0.01813   0.06916       108       640     0.743    0.5955    0.6968    0.3135   0.07731    0.0276   0.02082
    32/119       28G   0.03461   0.01608    0.0173   0.06798       112       640    0.6821    0.7132    0.7498     0.337    0.0788   0.02651    0.0169
    33/119       28G   0.03446   0.01621   0.01721   0.06788       118       640    0.7239    0.7417    0.7601    0.3549   0.07654   0.02811   0.01756
    34/119       28G   0.03428   0.01591   0.01649   0.06668       107       640    0.6623    0.6028    0.6378    0.2945   0.07701   0.02848    0.0325
    35/119       28G   0.03388   0.01607   0.01642   0.06637       109       640    0.7754    0.6919    0.7606    0.3661   0.07406   0.02937   0.01617
    36/119       28G    0.0338   0.01591   0.01599    0.0657       104       640    0.7294    0.7127    0.7637    0.3418   0.07657   0.02756   0.01203
    37/119       28G   0.03374   0.01581   0.01543   0.06498       101       640    0.7667    0.6869    0.7623    0.3575   0.07848   0.02619   0.01917
    38/119       28G   0.03383   0.01579   0.01522   0.06484       109       640    0.7508     0.719    0.7809    0.3725   0.07452   0.02869   0.01652
    39/119       28G   0.03354   0.01553   0.01462   0.06369       112       640    0.7913    0.7709    0.8181    0.3965   0.07766   0.02637   0.01031
    40/119       28G    0.0324   0.01551   0.01482   0.06274       116       640    0.7642    0.7545    0.8067     0.393   0.07693   0.02682    0.0166
    41/119       28G   0.03266   0.01545   0.01396   0.06208       101       640    0.7805    0.7609    0.7963    0.3948   0.08009   0.02494   0.01644
    42/119       28G   0.03253   0.01531   0.01393   0.06177       120       640    0.7351    0.7656    0.8062    0.3981   0.07655   0.02687   0.01345
    43/119       28G   0.03254    0.0151   0.01499   0.06264       114       640    0.7937    0.7248    0.7923    0.3861   0.07643   0.02678   0.01333
    44/119       28G   0.03257   0.01518   0.01325     0.061       106       640    0.8115    0.7789    0.8346    0.4199   0.07387   0.02873   0.01251
    45/119       28G   0.03212   0.01514   0.01326   0.06052       101       640    0.8147     0.737    0.8049    0.4081   0.07527   0.02819   0.01742
    46/119       28G   0.03182   0.01512   0.01307   0.06001       133       640    0.8633    0.7708    0.8443    0.4452   0.07669   0.02679   0.01305
    47/119       28G   0.03201   0.01478   0.01326   0.06005       103       640    0.8467     0.774    0.8392    0.4426   0.07389   0.02869   0.01378
    48/119       28G   0.03165   0.01486   0.01323   0.05974       127       640    0.8075    0.7914    0.8449    0.4293   0.07557   0.02694   0.01355
    49/119       28G    0.0313   0.01512   0.01197    0.0584       115       640    0.8379     0.786    0.8538    0.4519   0.07445   0.02813   0.01191
    50/119       28G   0.03153   0.01483   0.01146   0.05781       118       640    0.8485    0.7476    0.8379    0.4289   0.07549   0.02805   0.01972
    51/119       28G   0.03116   0.01494   0.01253   0.05863       127       640    0.8219     0.792    0.8399    0.4323   0.07393   0.02863   0.01487
    52/119       28G   0.03127   0.01486   0.01187   0.05799       113       640    0.8097      0.78    0.8408    0.4453   0.07387   0.02803   0.01451
    53/119       28G   0.03085   0.01464   0.01126   0.05675       104       640    0.8158    0.8204    0.8416     0.455   0.07422   0.02819    0.0151
    54/119       28G   0.03089   0.01449   0.01218   0.05756       109       640    0.8057    0.7776    0.8252    0.4285   0.07383   0.02817   0.01264
    55/119       28G   0.03094   0.01479   0.01128   0.05701       113       640     0.858    0.8048    0.8629    0.4725    0.0717   0.02871   0.01638
    56/119       28G    0.0303   0.01467   0.01109   0.05605       116       640    0.8135    0.8051    0.8592    0.4526   0.07325   0.02917   0.01171
    57/119       28G   0.03065    0.0143   0.01087   0.05582       124       640    0.8388    0.7915    0.8495    0.4503   0.07414   0.02776    0.0116
    58/119       28G   0.03011   0.01434   0.01021   0.05466       111       640    0.8832     0.788    0.8711    0.4812   0.07284   0.02825   0.01322
    59/119       28G   0.03019    0.0142   0.01031   0.05471       116       640    0.8881    0.7892    0.8725    0.4788   0.07085   0.02961   0.01235
    60/119       28G   0.02978   0.01448  0.009954   0.05421       110       640    0.8514    0.7978    0.8534    0.4655   0.07086   0.02969   0.01206
    61/119       28G    0.0299   0.01427   0.01022   0.05439       115       640    0.8755     0.814    0.8782    0.4781   0.07406   0.02736   0.01153
    62/119       28G   0.02995   0.01417   0.01059   0.05471       100       640    0.8881    0.8124    0.8737    0.4812   0.07444   0.02756    0.0158
    63/119       28G   0.02962   0.01411   0.01028     0.054       127       640    0.8714    0.7984    0.8642     0.483   0.07287   0.02817   0.01432
    64/119       28G   0.02927   0.01406   0.00937    0.0527       118       640    0.8878    0.8081    0.8853     0.496   0.07351   0.02761  0.009857
    65/119       28G   0.02946   0.01422  0.008989   0.05267        98       640    0.8722    0.8166    0.8831    0.4985   0.07141   0.02915   0.01183
    66/119       28G   0.02888   0.01428  0.009018   0.05218        92       640    0.8658    0.8201     0.883     0.507   0.07366   0.02756   0.01395
    67/119       28G   0.02873   0.01388  0.009173   0.05178       122       640    0.8839    0.8304    0.8921    0.5084   0.07252   0.02836   0.01543
    68/119       28G   0.02878   0.01411  0.008771   0.05167       116       640    0.8598    0.8385    0.8905    0.5018   0.07126   0.02919     0.013
    69/119       28G   0.02892   0.01376  0.008767   0.05145       107       640    0.8492    0.8368    0.8811    0.4906   0.07373   0.02708   0.01244
    70/119       28G   0.02841   0.01395  0.008999   0.05137       110       640    0.8855    0.8091    0.8841    0.5111   0.07226   0.02897    0.0134
    71/119       28G   0.02863   0.01382  0.007895   0.05035       114       640    0.8744    0.8344    0.8902    0.5066   0.07155   0.02921   0.01212
    72/119       28G   0.02853   0.01362  0.008225   0.05038       117       640     0.908     0.824    0.8988    0.5152   0.07157   0.02889   0.01605
    73/119       28G   0.02831   0.01367  0.008056   0.05003       138       640    0.8928    0.8383    0.9005    0.5207   0.07332   0.02794   0.01484
    74/119       28G   0.02795   0.01384  0.007713   0.04951       122       640    0.8914    0.8438    0.9014    0.5153   0.07032   0.02965   0.01394
    75/119       28G   0.02803   0.01357  0.007332   0.04893       105       640    0.8907    0.8277    0.8899    0.5078   0.06964   0.03091   0.01456
    76/119       28G   0.02786   0.01368  0.007555   0.04909       113       640    0.8982     0.833    0.9018    0.5193   0.07139   0.02849   0.01695
    77/119       28G   0.02778   0.01378  0.007319   0.04888       114       640    0.9081    0.8492    0.9085    0.5332   0.07044   0.02939   0.01402
    78/119       28G   0.02789   0.01368  0.007073   0.04864       114       640    0.8898    0.8407    0.8966    0.5182    0.0712   0.02886   0.01656
    79/119       28G   0.02769    0.0135  0.007006    0.0482       115       640    0.9057    0.8345    0.9059    0.5327   0.07301   0.02763   0.01424
    80/119       28G   0.02766   0.01324  0.007196   0.04809       104       640    0.8849    0.8582     0.906    0.5265   0.07149    0.0285   0.01509
    81/119       28G   0.02769   0.01346  0.007251    0.0484       119       640    0.9206    0.8422    0.9131    0.5364    0.0698   0.02909   0.01319
    82/119       28G   0.02744   0.01338  0.006966   0.04778       104       640    0.9116    0.8372    0.9128    0.5422   0.07142   0.02826   0.01371
    83/119       28G   0.02752   0.01342  0.006946   0.04788       122       640    0.8862    0.8679    0.9146    0.5369   0.07095   0.02904   0.01741
    84/119       28G   0.02708   0.01355  0.006702   0.04733       125       640    0.8862    0.8694    0.9162    0.5511   0.07061   0.02967   0.01377
    85/119       28G   0.02727   0.01338  0.006558    0.0472       106       640    0.9056    0.8627     0.918    0.5503   0.07169   0.02855   0.01728
    86/119       28G   0.02692   0.01314  0.006444   0.04651        98       640    0.9079    0.8538    0.9202    0.5493   0.07008   0.02901   0.01702
    87/119       28G   0.02701   0.01326  0.005865   0.04613       113       640    0.8981     0.863    0.9193    0.5535   0.06946   0.02995   0.01392
    88/119       28G   0.02701   0.01328  0.006334   0.04662       130       640    0.9075    0.8626    0.9239    0.5528   0.06976   0.02942    0.0171
    89/119       28G    0.0269   0.01324  0.005986   0.04612       140       640     0.908    0.8544    0.9218    0.5507    0.0703    0.0286   0.01414
    90/119       28G   0.02667   0.01305  0.005461   0.04518       121       640    0.8993    0.8714    0.9232    0.5499   0.07056   0.02865   0.01549
    91/119       28G   0.02664    0.0131  0.005834   0.04558       115       640     0.907    0.8615    0.9159    0.5573   0.07002   0.02941   0.02244
    92/119       28G   0.02664   0.01292  0.006015   0.04558        99       640    0.9008    0.8486    0.9113    0.5533   0.07048    0.0291   0.02102
    93/119       28G   0.02626   0.01307  0.005516   0.04484       104       640    0.9069    0.8567    0.9209    0.5537   0.07131   0.02868   0.01946
    94/119       28G    0.0262   0.01286  0.006006   0.04506       119       640    0.9013     0.874    0.9243    0.5602   0.07062   0.02881   0.02073
    95/119       28G   0.02619     0.013   0.00557   0.04477       106       640    0.8995    0.8724    0.9223    0.5594   0.07094   0.02884   0.01825
    96/119       28G   0.02621   0.01306  0.005498   0.04477       127       640     0.917    0.8592    0.9236    0.5639   0.07051   0.02946   0.01677
    97/119       28G   0.02589   0.01281  0.005411   0.04411        93       640     0.916    0.8689    0.9245     0.563   0.07035   0.02986   0.01384
    98/119       28G   0.02603   0.01293  0.004963   0.04392       101       640    0.9232     0.857    0.9265    0.5652    0.0701   0.02921   0.01912
    99/119       28G     0.026    0.0128  0.004846   0.04365       117       640    0.9149    0.8668    0.9265    0.5587   0.07046    0.0293   0.01656
   100/119       28G   0.02604    0.0127  0.005202   0.04394        93       640    0.9067    0.8807    0.9291    0.5653   0.06999   0.02969   0.01646
   101/119       28G   0.02589   0.01271   0.00504   0.04364       121       640    0.9305    0.8483     0.926    0.5616   0.07123   0.02912    0.0168
   102/119       28G    0.0256   0.01275  0.005174   0.04353       110       640    0.9104    0.8702    0.9235    0.5604   0.07157   0.02872   0.01707
   103/119       28G    0.0257   0.01283  0.004675   0.04321       104       640    0.9175     0.868    0.9223    0.5672   0.07007    0.0298    0.0164
   104/119       28G    0.0256   0.01281   0.00492   0.04332       124       640    0.9082    0.8851    0.9278     0.576   0.07033   0.02938   0.01548
   105/119       28G   0.02542   0.01295  0.004843   0.04321       137       640    0.9201    0.8706    0.9267    0.5682    0.0708   0.02947   0.01619
   106/119       28G   0.02527   0.01268   0.00464   0.04259       134       640    0.9352     0.869    0.9332    0.5748   0.07002   0.03002   0.01515
   107/119       28G   0.02547   0.01273  0.004942   0.04315       114       640    0.9138    0.8812    0.9293    0.5753   0.07003    0.0298   0.01794
   108/119       28G   0.02526   0.01266  0.004641   0.04256        95       640    0.9041    0.8669    0.9258    0.5658    0.0699   0.02971   0.01796
   109/119       28G    0.0255   0.01267  0.004535   0.04271       126       640    0.9271    0.8572    0.9256    0.5727   0.06941    0.0301   0.01759
   110/119       28G   0.02501   0.01263   0.00451   0.04215       116       640    0.9254    0.8581    0.9293    0.5711   0.06987   0.02977   0.01703
   111/119       28G   0.02523   0.01261  0.004217   0.04206       112       640    0.9194    0.8739    0.9345    0.5792   0.06913   0.03038   0.01824
   112/119       28G   0.02501   0.01237   0.00464   0.04202       130       640    0.9191    0.8835    0.9318    0.5736   0.06898   0.03046   0.02073
   113/119       28G   0.02498   0.01243  0.004344   0.04175       109       640    0.9062    0.8941    0.9347     0.584    0.0696   0.02959    0.0196
   114/119       28G   0.02512   0.01247  0.004199   0.04179       103       640    0.9368    0.8617    0.9319    0.5814   0.06965   0.02978   0.01701
   115/119       28G    0.0251    0.0124  0.004052   0.04155       127       640    0.9126    0.8797    0.9314    0.5807   0.07029   0.02927   0.01643
   116/119       28G   0.02497   0.01245  0.004471   0.04189       111       640    0.9133    0.8766    0.9329     0.577   0.06993   0.02944   0.01772
   117/119       28G   0.02508   0.01246  0.004301   0.04185       110       640    0.8945    0.8787    0.9281    0.5768   0.07006   0.02965   0.01809
   118/119       28G   0.02506   0.01253  0.004543   0.04214       112       640    0.9182    0.8764    0.9309    0.5802   0.06981   0.02959   0.01822
   119/119       28G   0.02468   0.01256  0.004125   0.04136       122       640    0.9309    0.8711     0.936    0.5801   0.06946   0.03008   0.01945
